255
254
110
0
111
0
100
0
101
0
46
0
101
0
120
0
101
0
32
0
58
0
32
0
76
0
111
0
97
0
100
0
101
0
100
0
32
0
13
0
10
0
80
0
114
0
105
0
115
0
109
0
97
0
32
0
99
0
111
0
110
0
102
0
105
0
103
0
32
0
102
0
114
0
111
0
109
0
32
0
13
0
10
0
112
0
114
0
105
0
115
0
109
0
97
0
46
0
99
0
111
0
110
0
102
0
105
0
103
0
46
0
116
0
115
0
46
0
13
0
10
0
65
0
117
0
32
0
99
0
97
0
114
0
97
0
99
0
116
0
232
0
114
0
101
0
32
0
76
0
105
0
103
0
110
0
101
0
58
0
49
0
32
0
13
0
10
0
58
0
32
0
49
0
13
0
10
0
43
0
32
0
38
0
32
0
34
0
67
0
58
0
92
0
80
0
114
0
111
0
103
0
114
0
97
0
109
0
32
0
70
0
105
0
108
0
101
0
115
0
13
0
10
0
92
0
110
0
111
0
100
0
101
0
106
0
115
0
47
0
110
0
111
0
100
0
101
0
46
0
101
0
120
0
101
0
34
0
32
0
13
0
10
0
34
0
67
0
58
0
92
0
80
0
114
0
111
0
103
0
114
0
97
0
109
0
32
0
13
0
10
0
70
0
105
0
108
0
101
0
115
0
92
0
110
0
111
0
100
0
101
0
106
0
115
0
47
0
110
0
111
0
100
0
101
0
95
0
109
0
111
0
32
0
13
0
10
0
46
0
46
0
46
0
13
0
10
0
43
0
32
0
126
0
126
0
126
0
126
0
126
0
126
0
126
0
126
0
126
0
126
0
126
0
126
0
126
0
126
0
126
0
126
0
126
0
126
0
126
0
13
0
10
0
126
0
126
0
126
0
126
0
126
0
126
0
126
0
126
0
126
0
126
0
126
0
126
0
126
0
126
0
126
0
126
0
126
0
126
0
126
0
126
0
126
0
13
0
10
0
126
0
126
0
126
0
126
0
126
0
126
0
126
0
126
0
126
0
126
0
126
0
126
0
126
0
126
0
126
0
126
0
126
0
126
0
126
0
126
0
126
0
13
0
10
0
126
0
126
0
126
0
126
0
126
0
126
0
126
0
126
0
13
0
10
0
32
0
32
0
32
0
32
0
43
0
32
0
67
0
97
0
116
0
101
0
103
0
111
0
114
0
121
0
73
0
110
0
102
0
111
0
32
0
32
0
32
0
13
0
10
0
32
0
32
0
32
0
32
0
32
0
32
0
32
0
32
0
32
0
32
0
32
0
58
0
32
0
78
0
111
0
116
0
83
0
112
0
101
0
32
0
32
0
13
0
10
0
32
0
32
0
99
0
105
0
102
0
105
0
101
0
100
0
58
0
32
0
40
0
76
0
111
0
97
0
100
0
101
0
100
0
32
0
32
0
32
0
32
0
13
0
10
0
32
0
80
0
114
0
105
0
115
0
109
0
97
0
32
0
99
0
46
0
46
0
46
0
105
0
115
0
109
0
97
0
46
0
32
0
32
0
32
0
32
0
13
0
10
0
99
0
111
0
110
0
102
0
105
0
103
0
46
0
116
0
115
0
46
0
58
0
83
0
116
0
114
0
105
0
110
0
32
0
32
0
32
0
32
0
13
0
10
0
103
0
41
0
32
0
91
0
93
0
44
0
32
0
82
0
101
0
109
0
111
0
116
0
101
0
69
0
120
0
99
0
32
0
32
0
32
0
32
0
13
0
10
0
101
0
112
0
116
0
105
0
111
0
110
0
13
0
10
0
32
0
32
0
32
0
32
0
43
0
32
0
70
0
117
0
108
0
108
0
121
0
81
0
117
0
97
0
108
0
105
0
102
0
105
0
101
0
100
0
32
0
13
0
10
0
32
0
32
0
32
0
69
0
114
0
114
0
111
0
114
0
73
0
100
0
32
0
58
0
32
0
78
0
97
0
116
0
105
0
118
0
101
0
32
0
32
0
13
0
10
0
32
0
32
0
67
0
111
0
109
0
109
0
97
0
110
0
100
0
69
0
114
0
114
0
111
0
114
0
13
0
10
0
32
0
13
0
10
0
13
0
10
0
80
0
114
0
105
0
115
0
109
0
97
0
32
0
115
0
99
0
104
0
101
0
109
0
97
0
32
0
108
0
111
0
97
0
100
0
101
0
100
0
32
0
13
0
10
0
102
0
114
0
111
0
109
0
32
0
13
0
10
0
112
0
114
0
105
0
115
0
109
0
97
0
92
0
115
0
99
0
104
0
101
0
109
0
97
0
46
0
112
0
114
0
105
0
115
0
109
0
97
0
46
0
13
0
10
0
69
0
114
0
114
0
111
0
114
0
58
0
32
0
80
0
114
0
105
0
115
0
109
0
97
0
32
0
115
0
99
0
104
0
101
0
109
0
97
0
32
0
13
0
10
0
118
0
97
0
108
0
105
0
100
0
97
0
116
0
105
0
111
0
110
0
32
0
45
0
32
0
13
0
10
0
40
0
103
0
101
0
116
0
45
0
99
0
111
0
110
0
102
0
105
0
103
0
32
0
119
0
97
0
115
0
109
0
41
0
13
0
10
0
69
0
114
0
114
0
111
0
114
0
32
0
99
0
111
0
100
0
101
0
58
0
32
0
80
0
49
0
48
0
49
0
50
0
13
0
10
0
101
0
114
0
114
0
111
0
114
0
58
0
32
0
84
0
104
0
101
0
32
0
13
0
10
0
100
0
97
0
116
0
97
0
115
0
111
0
117
0
114
0
99
0
101
0
32
0
112
0
114
0
111
0
112
0
101
0
114
0
116
0
121
0
32
0
13
0
10
0
96
0
117
0
114
0
108
0
96
0
32
0
105
0
115
0
32
0
110
0
111
0
32
0
108
0
111
0
110
0
103
0
101
0
114
0
32
0
13
0
10
0
115
0
117
0
112
0
112
0
111
0
114
0
116
0
101
0
100
0
32
0
105
0
110
0
32
0
115
0
99
0
104
0
101
0
109
0
97
0
32
0
13
0
10
0
102
0
105
0
108
0
101
0
115
0
46
0
32
0
77
0
111
0
118
0
101
0
32
0
13
0
10
0
99
0
111
0
110
0
110
0
101
0
99
0
116
0
105
0
111
0
110
0
32
0
85
0
82
0
76
0
115
0
32
0
102
0
111
0
114
0
32
0
13
0
10
0
77
0
105
0
103
0
114
0
97
0
116
0
101
0
32
0
116
0
111
0
32
0
13
0
10
0
96
0
112
0
114
0
105
0
115
0
109
0
97
0
46
0
99
0
111
0
110
0
102
0
105
0
103
0
46
0
116
0
115
0
96
0
32
0
13
0
10
0
97
0
110
0
100
0
32
0
112
0
97
0
115
0
115
0
32
0
101
0
105
0
116
0
104
0
101
0
114
0
32
0
13
0
10
0
96
0
97
0
100
0
97
0
112
0
116
0
101
0
114
0
96
0
32
0
102
0
111
0
114
0
32
0
97
0
32
0
13
0
10
0
100
0
105
0
114
0
101
0
99
0
116
0
32
0
100
0
97
0
116
0
97
0
98
0
97
0
115
0
101
0
32
0
13
0
10
0
99
0
111
0
110
0
110
0
101
0
99
0
116
0
105
0
111
0
110
0
32
0
111
0
114
0
32
0
13
0
10
0
96
0
97
0
99
0
99
0
101
0
108
0
101
0
114
0
97
0
116
0
101
0
85
0
114
0
108
0
96
0
32
0
102
0
111
0
114
0
32
0
13
0
10
0
65
0
99
0
99
0
101
0
108
0
101
0
114
0
97
0
116
0
101
0
32
0
116
0
111
0
32
0
116
0
104
0
101
0
32
0
13
0
10
0
96
0
80
0
114
0
105
0
115
0
109
0
97
0
67
0
108
0
105
0
101
0
110
0
116
0
96
0
32
0
13
0
10
0
99
0
111
0
110
0
115
0
116
0
114
0
117
0
99
0
116
0
111
0
114
0
46
0
32
0
83
0
101
0
101
0
32
0
104
0
116
0
116
0
112
0
13
0
10
0
115
0
58
0
47
0
47
0
112
0
114
0
105
0
115
0
46
0
108
0
121
0
47
0
100
0
47
0
99
0
111
0
110
0
102
0
105
0
103
0
45
0
13
0
10
0
100
0
97
0
116
0
97
0
115
0
111
0
117
0
114
0
99
0
101
0
32
0
97
0
110
0
100
0
32
0
104
0
116
0
116
0
112
0
115
0
58
0
13
0
10
0
47
0
47
0
112
0
114
0
105
0
115
0
46
0
108
0
121
0
47
0
100
0
47
0
112
0
114
0
105
0
115
0
109
0
97
0
55
0
45
0
99
0
13
0
10
0
108
0
105
0
101
0
110
0
116
0
45
0
99
0
111
0
110
0
102
0
105
0
103
0
13
0
10
0
32
0
32
0
45
0
45
0
62
0
32
0
32
0
112
0
114
0
105
0
115
0
109
0
97
0
92
0
115
0
99
0
104
0
101
0
109
0
97
0
46
0
13
0
10
0
112
0
114
0
105
0
115
0
109
0
97
0
58
0
49
0
48
0
13
0
10
0
32
0
32
0
32
0
124
0
32
0
13
0
10
0
32
0
57
0
32
0
124
0
32
0
32
0
32
0
112
0
114
0
111
0
118
0
105
0
100
0
101
0
114
0
32
0
61
0
32
0
13
0
10
0
34
0
109
0
121
0
115
0
113
0
108
0
34
0
13
0
10
0
49
0
48
0
32
0
124
0
32
0
32
0
32
0
117
0
114
0
108
0
32
0
32
0
32
0
32
0
32
0
32
0
61
0
32
0
13
0
10
0
101
0
110
0
118
0
40
0
34
0
68
0
65
0
84
0
65
0
66
0
65
0
83
0
69
0
95
0
85
0
82
0
76
0
34
0
41
0
13
0
10
0
32
0
32
0
32
0
124
0
32
0
13
0
10
0
13
0
10
0
86
0
97
0
108
0
105
0
100
0
97
0
116
0
105
0
111
0
110
0
32
0
69
0
114
0
114
0
111
0
114
0
32
0
13
0
10
0
67
0
111
0
117
0
110
0
116
0
58
0
32
0
49
0
13
0
10
0
91
0
67
0
111
0
110
0
116
0
101
0
120
0
116
0
58
0
32
0
103
0
101
0
116
0
67
0
111
0
110
0
102
0
105
0
103
0
93
0
13
0
10
0
13
0
10
0
80
0
114
0
105
0
115
0
109
0
97
0
32
0
67
0
76
0
73
0
32
0
86
0
101
0
114
0
115
0
105
0
111
0
110
0
32
0
58
0
32
0
13
0
10
0
55
0
46
0
51
0
46
0
48
0
13
0
10
0
